100
11 27 146
5 33 89
16 17 132
38 18 320
24 38 422
24 24 270
36 20 336
29 12 168
15 23 168
38 7 136
25 6 78
5 25 68
12 16 94
32 21 316
5 36 96
14 24 161
18 8 71
5 27 73
14 33 221
29 36 483
28 23 303
27 9 122
30 18 254
34 19 304
5 38 102
5 29 78
17 19 157
22 33 340
22 11 120
10 30 145
19 32 287
14 18 122
6 18 54
17 8 69
18 18 154
38 14 252
37 8 147
38 14 252
10 13 66
24 27 304
32 27 402
28 25 328
27 21 269
35 15 252
22 4 44
23 16 177
38 31 544
13 4 28
33 18 280
19 35 314
27 29 367
18 17 148
37 23 399
33 7 119
29 5 78
34 22 348
16 20 153
33 28 429
28 24 313
20 8 79
5 38 102
17 31 252
8 8 32
6 12 36
11 8 46
10 27 132
16 37 280
9 23 105
32 7 115
6 22 66
10 6 30
24 27 304
16 7 59
6 8 24
17 6 54
36 37 612
4 25 52
12 21 123
5 28 75
15 20 146
20 36 336
9 28 126
35 22 360
38 35 612
4 14 28
29 30 405
26 36 432
10 19 94
15 24 174
38 24 422
17 6 54
16 30 227
22 29 300
18 10 88
17 33 267
32 32 472
8 33 131
24 15 174
4 32 64
6 7 24
