100
44 6 132
20 16 153
49 67 1487
55 72 1785
91 87 3542
10 93 446
94 85 3569
79 40 1430
56 45 1144
60 40 1087
65 15 462
77 27 955
33 93 1398
78 97 3381
70 29 930
9 6 30
54 37 912
82 79 2900
76 51 1748
39 27 490
17 74 589
26 85 1010
79 42 1500
94 4 188
5 68 180
85 77 2934
49 60 1331
82 86 3148
58 75 1956
47 9 210
59 44 1177
23 77 819
41 96 1779
48 71 1539
51 19 454
73 85 2784
61 13 379
25 66 760
80 54 1940
50 98 2198
47 74 1572
54 54 1316
91 88 3576
53 87 2079
5 66 175
79 55 1960
76 32 1104
70 86 2692
34 52 805
22 70 708
98 80 3496
70 10 335
72 66 2130
6 88 264
76 24 835
22 19 200
56 53 1343
71 52 1665
59 29 787
86 94 3604
49 17 393
16 9 73
83 93 3454
46 40 837
94 76 3189
74 49 1637
49 17 393
61 5 162
23 11 126
27 82 1014
81 56 2039
79 6 240
8 40 156
59 65 1732
54 20 500
89 11 472
87 23 924
49 9 218
50 65 1468
49 13 306
81 65 2367
9 46 205
78 49 1725
80 52 1869
50 69 1557
64 43 1248
93 97 4030
42 6 126
80 77 2759
50 16 374
40 83 1501
70 97 3038
94 31 1328
14 70 460
68 49 1506
77 26 916
68 31 964
94 22 948
74 93 3078
49 64 1418
