100
37 36 612
32 24 357
17 4 36
35 25 409
36 18 303
34 5 91
12 20 117
7 11 42
25 32 373
21 20 200
23 25 273
38 13 238
11 18 98
20 17 164
11 33 178
21 20 200
14 21 143
35 7 126
20 36 336
14 5 39
37 12 213
30 20 281
18 36 303
14 35 234
16 14 109
27 9 122
4 31 64
37 8 147
8 20 79
37 27 465
19 18 164
24 5 65
29 13 183
6 4 12
16 33 250
11 33 178
38 7 136
27 28 353
26 32 385
16 36 271
5 24 65
7 30 108
29 16 221
4 21 44
32 9 143
38 33 578
28 10 136
8 19 77
12 33 191
14 6 42
21 13 134
29 38 510
25 6 78
8 4 16
36 5 96
16 30 227
11 16 88
20 21 200
15 20 146
17 25 204
8 26 102
4 4 8
5 25 68
16 32 242
9 7 35
29 35 472
5 14 39
30 32 443
33 11 178
38 6 114
29 14 195
15 29 210
13 17 110
14 29 195
17 24 195
31 5 84
6 25 78
10 20 98
25 34 396
4 37 76
27 33 416
10 21 104
36 33 548
6 16 48
22 14 148
38 12 218
7 21 77
22 20 208
22 24 248
36 32 529
7 11 42
38 9 170
28 9 126
26 25 305
6 37 114
9 12 56
34 11 182
13 8 54
26 7 94
8 28 110
